# relative_time, cycles_done, cur_item, corpus_count, pending_total, pending_favs, map_size, saved_crashes, saved_hangs, max_depth, execs_per_sec, total_execs, edges_found
60, 290, 0, 3, 0, 0, 28.00%, 1, 0, 3, 10465.69, 631753, 7
65, 313, 0, 3, 0, 0, 28.00%, 1, 0, 3, 10456.98, 684550, 7
70, 338, 0, 3, 0, 0, 28.00%, 1, 0, 3, 10485.43, 737510, 7
75, 361, 0, 3, 0, 0, 28.00%, 1, 0, 3, 10415.27, 789776, 7
80, 383, 0, 3, 0, 0, 28.00%, 1, 0, 3, 10436.27, 842792, 7
86, 403, 0, 3, 0, 0, 28.00%, 1, 0, 3, 10419.58, 895269, 7
91, 423, 0, 3, 0, 0, 28.00%, 1, 0, 3, 10412.28, 947513, 7
96, 449, 0, 3, 0, 0, 28.00%, 1, 0, 3, 10415.56, 999857, 7
101, 474, 0, 3, 0, 0, 28.00%, 1, 0, 3, 10399.00, 1054052, 7
106, 497, 0, 3, 0, 0, 28.00%, 1, 0, 3, 10386.48, 1106085, 7
111, 520, 2, 3, 0, 0, 28.00%, 1, 0, 3, 10471.07, 1158702, 7
116, 542, 2, 3, 0, 0, 28.00%, 1, 0, 3, 10409.07, 1212552, 7
121, 563, 0, 3, 0, 0, 28.00%, 1, 0, 3, 10373.70, 1265249, 7
126, 587, 0, 3, 0, 0, 28.00%, 1, 0, 3, 10409.60, 1317511, 7
129, 602, 1, 3, 0, 0, 28.00%, 1, 0, 3, 10453.50, 1348673, 7
